imagenet
cuda:1
Namespace(data_dir='./data', log_dir='.', master_address='tcp://localhost:2222', rank=0, world_size=1, network='Resnet50', compress=None, method=None, ratio=0.5, threshold=0.001, qstates=0, momentum=0.0, extras='11', k_min0=0.01, k_max0=0.001, k_min1=0.01, k_max1=0.001, memory=0, gpu=1)
Downloading datasets
cuda:1
Warming up cudnn on random inputs on device cuda:1
Starting timer cuda:1
       epoch           lr   train_time   train_loss    train_acc    test_time    test_loss     test_acc   total_time
           1       0.0800      56.5965       5.4418       0.0065       5.0706       5.5294       0.0076      56.5965
           2       0.1600      54.4962       5.1429       0.0210       4.9406       4.8514       0.0433     111.0927
           3       0.2400      55.0648       4.6544       0.0554       5.0449       4.4284       0.0748     166.1575
           4       0.3200      54.4152       4.3277       0.0924       4.9046       4.0960       0.1168     220.5726
           5       0.4000      54.1712       4.0540       0.1275       4.7793       3.8368       0.1656     274.7439
           6       0.3979      55.2729       3.7979       0.1666       4.7074       3.7188       0.1845     330.0168
           7       0.3959      54.6770       3.5640       0.2017       4.7532       3.4394       0.2254     384.6938
           8       0.3938      55.3859       3.3824       0.2330       4.8107       3.4444       0.2277     440.0797
           9       0.3918      55.1335       3.2363       0.2574       4.7614       3.3294       0.2491     495.2132
          10       0.3897      54.6937       3.1085       0.2790       4.9546       3.1682       0.2751     549.9069
          11       0.3877      55.3797       3.0134       0.2967       4.7504       3.3131       0.2588     605.2866
          12       0.3856      54.6521       2.8915       0.3195       4.7857       3.0753       0.2902     659.9387
          13       0.3836      54.9996       2.7924       0.3365       4.8414       3.1320       0.2898     714.9384
          14       0.3815      55.6560       2.6999       0.3552       4.8271       3.0896       0.2955     770.5944
          15       0.3795      54.6211       2.6451       0.3647       4.7244       2.9423       0.3221     825.2155
          16       0.3774      55.2295       2.5306       0.3881       4.7993       2.9289       0.3271     880.4450
          17       0.3754      54.8578       2.4439       0.4039       4.7657       2.8734       0.3425     935.3028
          18       0.3733      55.7454       2.3576       0.4218       4.7112       2.8215       0.3532     991.0482
          19       0.3713      54.4631       2.2897       0.4350       4.7330       2.8999       0.3386    1045.5113
          20       0.3692      54.9926       2.2076       0.4507       4.8923       2.8061       0.3574    1100.5038
          21       0.3672      56.4702       2.1367       0.4676       4.7650       2.9586       0.3315    1156.9741
          22       0.3651      54.9108       2.0750       0.4778       4.7652       2.8654       0.3533    1211.8849
          23       0.3631      55.5711       2.0003       0.4932       4.7708       2.7868       0.3675    1267.4561
          24       0.3610      54.9864       1.9977       0.4960       4.7587       2.8366       0.3625    1322.4424
          25       0.3590      54.4188       1.8935       0.5169       4.8390       2.9884       0.3394    1376.8612
          26       0.3569      54.1465       1.8084       0.5355       4.9345       2.8080       0.3782    1431.0077
          27       0.3549      54.7786       1.7501       0.5473       4.9664       2.7777       0.3725    1485.7863
          28       0.3528      55.0643       1.6963       0.5601       4.9820       3.0319       0.3511    1540.8505
          29       0.3508      54.7434       1.6288       0.5745       4.8279       3.0389       0.3587    1595.5940
          30       0.3487      55.1257       1.5708       0.5886       4.8024       2.8789       0.3700    1650.7196
          31       0.3467      54.5728       1.5238       0.5995       4.8168       3.0040       0.3627    1705.2924
          32       0.3446      54.7849       1.4719       0.6105       4.6492       2.9204       0.3734    1760.0774
          33       0.3426      55.4404       1.4354       0.6204       5.5114       2.9967       0.3697    1815.5178
          34       0.3405      55.2317       1.4030       0.6265       4.8093       2.9811       0.3666    1870.7495
          35       0.3385      54.6205       1.4386       0.6203       4.7504       2.9823       0.3667    1925.3700
          36       0.3364      55.5060       1.3168       0.6486       4.8128       3.0102       0.3683    1980.8760
          37       0.3344      55.4755       1.2435       0.6660       4.8204       3.0188       0.3707    2036.3515
          38       0.3323      54.6783       1.2083       0.6733       4.7794       2.9930       0.3702    2091.0298
          39       0.3303      55.8136       1.1606       0.6861       4.6524       3.0038       0.3699    2146.8434
          40       0.3282      54.2618       1.1196       0.6951       4.8501       2.9636       0.3811    2201.1052

          * python==3.6
* pandas==0.24.2
* numpy==1.16.2
* pytorch==1.0.1
* gensim==3.7.1
* tensorboardX==1.6 