cuda:1
Namespace(data_dir='./data', log_dir='.', master_address='tcp://localhost:2222', rank=0, world_size=1, network='Resnet50', compress=None, method=None, ratio=0.5, threshold=0.001, qstates=0, momentum=0.0, extras='11', k_min0=0.01, k_max0=0.001, k_min1=0.01, k_max1=0.001, memory=0, gpu=1)
Downloading datasets
cuda:1
Warming up cudnn on random inputs on device cuda:1
Starting timer cuda:1
       epoch           lr   train_time   train_loss    train_acc    test_time    test_loss     test_acc   total_time
           1       0.0800      72.7909       5.4357       0.0066       4.8136       5.5660       0.0115      72.7909
           2       0.1600      71.3803       5.2226       0.0169       4.5458       4.9678       0.0309     144.1712
           3       0.2400      71.3750       4.8892       0.0368       4.5785       4.8276       0.0450     215.5462
           4       0.3200      71.9711       4.7160       0.0542       4.5607       4.6261       0.0591     287.5173
           5       0.4000      71.9903       4.5789       0.0685       4.6065       4.4473       0.0815     359.5076
           6       0.3976      71.8676       4.4533       0.0834       4.7715       4.2636       0.1041     431.3751
           7       0.3952      71.5196       4.3394       0.0990       4.6524       4.1550       0.1235     502.8948
           8       0.3927      71.4924       4.2388       0.1125       4.5625       4.0414       0.1257     574.3872
           9       0.3903      71.3267       4.1587       0.1240       4.5422       4.4856       0.0945     645.7139
          10       0.3879      71.4375       4.0702       0.1351       4.5557       3.7957       0.1646     717.1514
          11       0.3855      71.5714       4.0816       0.1352       4.5446       3.9898       0.1400     788.7228
          12       0.3830      71.7125       4.0386       0.1403       4.6815       4.0865       0.1285     860.4353
          13       0.3806      71.7033       3.9273       0.1565       4.6241       3.7118       0.1805     932.1386
          14       0.3782      71.0220       3.8584       0.1655       4.7430       3.9244       0.1583    1003.1606
          15       0.3758      72.0511       3.7980       0.1772       4.6680       3.6426       0.1915    1075.2117
          16       0.3733      72.0810       3.7423       0.1821       4.6695       3.5457       0.2070    1147.2927
          17       0.3709      71.4113       3.7008       0.1915       4.6142       3.6613       0.1876    1218.7040
          18       0.3685      71.3614       3.6593       0.1972       4.6183       3.4806       0.2240    1290.0654
          19       0.3661      71.5069       3.6232       0.2023       4.6601       3.5346       0.2082    1361.5724
          20       0.3636      71.1999       3.5772       0.2105       4.6949       3.5866       0.2059    1432.7722
          21       0.3612      71.6262       3.5446       0.2166       4.6361       3.4228       0.2327    1504.3985
          22       0.3588      71.1622       3.5030       0.2223       4.5170       3.3507       0.2525    1575.5607
          23       0.3564      71.4308       3.4845       0.2267       4.8357       3.5364       0.2176    1646.9915
          24       0.3539      71.8605       3.4477       0.2307       4.6241       3.3170       0.2427    1718.8520
          25       0.3515      71.8736       3.4137       0.2374       4.6179       3.3413       0.2485    1790.7256
          26       0.3491      71.6025       3.3858       0.2421       4.7452       3.3980       0.2385    1862.3281
          27       0.3467      71.3983       3.3559       0.2477       4.5994       3.2583       0.2619    1933.7264
          28       0.3442      71.4265       3.3235       0.2521       4.5948       3.2748       0.2619    2005.1529
          29       0.3418      71.4803       3.2914       0.2574       4.5712       3.2166       0.2686    2076.6331
          30       0.3394      71.2811       3.2650       0.2636       4.5430       3.4613       0.2367    2147.9142
          31       0.3370      71.3203       3.2391       0.2681       4.5652       3.1406       0.2837    2219.2345
          32       0.3345      71.5940       3.2130       0.2723       4.5886       3.5262       0.2338    2290.8285
          33       0.3321      71.8535       3.1845       0.2777       4.5861       3.3702       0.2562    2362.6820
          34       0.3297      71.4637       3.1586       0.2824       4.6334       3.2661       0.2671    2434.1457
          35       0.3273      71.7685       3.1352       0.2869       4.6138       3.1077       0.2887    2505.9142
          36       0.3248      71.3336       3.1174       0.2874       4.6043       3.4886       0.2353    2577.2478
          37       0.3224      71.2144       3.0896       0.2941       4.6849       3.4928       0.2389    2648.4622
          38       0.3200      71.4771       3.0686       0.2997       4.7503       3.1293       0.2869    2719.9393
          39       0.3176      71.5038       3.0497       0.3013       4.6259       3.3126       0.2596    2791.4431
          40       0.3152      71.6617       3.0353       0.3016       4.6432       3.1179       0.2905    2863.1047
          41       0.3127      71.3390       3.0135       0.3077       4.7492       3.7043       0.2171    2934.4437
          42       0.3103      71.1317       2.9974       0.3102       4.6089       3.1452       0.2821    3005.5754
          43       0.3079      71.6238       2.9742       0.3147       4.6915       3.1025       0.2951    3077.1992
          44       0.3055      71.0951       2.9623       0.3150       4.5902       3.0487       0.3051    3148.2943
          45       0.3030      72.2255       2.9395       0.3207       4.6318       3.2828       0.2749    3220.5198
          46       0.3006      71.4964       2.9267       0.3228       4.6420       3.1740       0.2873    3292.0162
          47       0.2982      71.3509       2.9043       0.3276       4.7750       2.9056       0.3283    3363.3671
          48       0.2958      71.4295       2.8909       0.3292       4.6403       3.0022       0.3201    3434.7966
          49       0.2933      71.0855       2.8739       0.3316       4.6936       3.2534       0.2793    3505.8821
          50       0.2909      71.0710       2.8565       0.3356       4.8850       2.9187       0.3330    3576.9531
          51       0.2885      70.9055       2.8397       0.3394       4.5464       3.3935       0.2662    3647.8586
          52       0.2861      71.3083       2.8322       0.3414       4.6500       3.1985       0.2898    3719.1669
          53       0.2836      71.5447       2.8048       0.3443       4.5455       3.0924       0.3041    3790.7116
          54       0.2812      71.8585       2.7871       0.3505       4.7250       2.9267       0.3219    3862.5701
          55       0.2788      71.7558       2.7844       0.3488       4.7340       3.1142       0.2985    3934.3259
          56       0.2764      71.6147       2.7669       0.3525       4.7323       3.0211       0.3259    4005.9406
          57       0.2739      71.1339       2.7383       0.3580       4.5759       2.9912       0.3273    4077.0745
          58       0.2715      71.6022       2.7125       0.3616       4.7565       3.0138       0.3197    4148.6767
          59       0.2691      71.4386       2.6929       0.3652       4.5549       2.8420       0.3446    4220.1153
          60       0.2667      70.7330       2.6846       0.3665       4.6063       3.1295       0.3139    4290.8483
          61       0.2642      71.4974       2.6669       0.3718       4.6688       2.9960       0.3225    4362.3457
          62       0.2618      71.2557       2.6469       0.3742       4.6287       2.9481       0.3256    4433.6014
          63       0.2594      71.2514       2.6339       0.3777       4.9280       3.0708       0.3210    4504.8527
          64       0.2570      72.2597       2.6089       0.3807       4.5505       2.9347       0.3384    4577.1125
          65       0.2545      71.3657       2.5916       0.3852       4.7938       2.8113       0.3517    4648.4782
          66       0.2521      71.4986       2.5861       0.3862       4.8180       2.7407       0.3759    4719.9768
          67       0.2497      71.2463       2.5706       0.3897       4.6506       2.7453       0.3741    4791.2231
          68       0.2473      71.4651       2.5497       0.3938       4.8050       2.8801       0.3498    4862.6881
          69       0.2448      71.3976       2.5390       0.3963       4.7101       2.8548       0.3572    4934.0857
          70       0.2424      71.4367       2.5206       0.3995       4.8591       3.0271       0.3293    5005.5224
          71       0.2400      71.5842       2.5124       0.4000       4.8422       2.7465       0.3674    5077.1066
          72       0.2376      71.3388       2.4934       0.4041       4.8667       2.7027       0.3757    5148.4454
          73       0.2352      71.9855       2.4823       0.4069       4.8773       2.7133       0.3758    5220.4310
          74       0.2327      71.4924       2.4603       0.4089       4.8499       2.7345       0.3700    5291.9233
          75       0.2303      72.0957       2.4486       0.4134       4.8952       2.6844       0.3849    5364.0190
          76       0.2279      71.0863       2.4355       0.4170       5.1415       2.8257       0.3609    5435.1053
          77       0.2255      71.7604       2.4209       0.4184       4.8532       2.8231       0.3591    5506.8657
          78       0.2230      71.4217       2.4139       0.4212       4.7246       2.7923       0.3592    5578.2874
          79       0.2206      71.5402       2.3864       0.4267       4.8892       2.8638       0.3558    5649.8277
          80       0.2182      71.3119       2.3840       0.4254       4.8135       2.9672       0.3434    5721.1396
          81       0.2158      71.2086       2.3534       0.4318       4.9100       2.7703       0.3700    5792.3482
          82       0.2133      71.2983       2.3487       0.4332       4.5731       2.7515       0.3757    5863.6464
          83       0.2109      71.7250       2.3419       0.4334       4.9151       2.7620       0.3765    5935.3714
          84       0.2085      71.5668       2.3247       0.4370       4.9061       2.9841       0.3488    6006.9382
          85       0.2061      71.2641       2.3133       0.4415       4.6090       2.6522       0.3943    6078.2023
          86       0.2036      71.2325       2.2861       0.4447       4.6017       2.7947       0.3748    6149.4348
          87       0.2012      71.4509       2.2761       0.4471       4.8494       2.7529       0.3833    6220.8857
          88       0.1988      71.9367       2.2636       0.4512       4.9526       2.7732       0.3760    6292.8225
          89       0.1964      71.2107       2.2506       0.4519       4.8913       2.7475       0.3795    6364.0332
          90       0.1939      71.6424       2.2360       0.4553       5.0653       2.7804       0.3787    6435.6756
          91       0.1915      71.5164       2.2148       0.4609       4.5878       2.7974       0.3771    6507.1920
          92       0.1891      71.4097       2.2001       0.4636       4.5941       2.6553       0.3973    6578.6017
          93       0.1867      71.3420       2.1977       0.4627       4.6347       2.8820       0.3633    6649.9436
          94       0.1842      71.4215       2.1762       0.4692       4.7315       2.6635       0.3961    6721.3651
          95       0.1818      71.0285       2.1703       0.4692       4.7268       2.6901       0.3976    6792.3936
          96       0.1794      70.9450       2.1452       0.4751       4.6537       2.6115       0.4087    6863.3387
          97       0.1770      71.3662       2.1316       0.4789       4.6865       2.6135       0.4070    6934.7048
          98       0.1745      71.6509       2.1081       0.4825       4.7660       3.0242       0.3485    7006.3557
          99       0.1721      71.7813       2.1040       0.4838       4.5911       2.7030       0.3962    7078.1370
         100       0.1697      71.4378       2.0827       0.4870       4.5971       2.6972       0.3904    7149.5748
         101       0.1673      71.1415       2.0713       0.4902       4.7387       2.8051       0.3762    7220.7163
         102       0.1648      71.8680       2.0559       0.4934       4.5845       2.7151       0.3964    7292.5843
         103       0.1624      71.8881       2.0457       0.4961       4.5440       2.6975       0.3987    7364.4724
         104       0.1600      71.8824       2.0190       0.5013       4.6036       2.7508       0.3942    7436.3548
         105       0.1576      71.2960       2.0029       0.5056       4.5996       2.8384       0.3787    7507.6508
         106       0.1552      71.6117       1.9968       0.5087       4.5923       2.7978       0.3926    7579.2625
         107       0.1527      71.3922       1.9756       0.5112       4.8402       2.7162       0.4019    7650.6547
         108       0.1503      71.3010       1.9628       0.5132       4.6748       2.6330       0.4155    7721.9557
         109       0.1479      71.5201       1.9440       0.5192       4.5838       2.7827       0.4000    7793.4758
         110       0.1455      71.5618       1.9332       0.5207       4.7185       2.7523       0.4004    7865.0376
         111       0.1430      71.5814       1.9132       0.5240       4.6008       2.7068       0.4059    7936.6190
         112       0.1406      71.8521       1.8927       0.5298       4.6584       2.6743       0.4120    8008.4711
         113       0.1382      71.8937       1.8801       0.5337       4.7244       2.8495       0.3906    8080.3648
         114       0.1358      72.0829       1.8612       0.5375       4.7986       2.7906       0.3933    8152.4478
         115       0.1333      71.4831       1.8628       0.5368       4.6735       2.7924       0.3975    8223.9308
         116       0.1309      71.4551       1.8222       0.5464       4.6870       2.7542       0.4040    8295.3859
         117       0.1285      71.2767       1.8085       0.5497       4.5864       2.6475       0.4207    8366.6626
         118       0.1261      71.6336       1.7973       0.5521       4.5873       2.6648       0.4133    8438.2963
         119       0.1236      71.4394       1.7816       0.5548       4.8171       2.6317       0.4290    8509.7357
         120       0.1212      71.7409       1.7684       0.5579       4.6286       2.7885       0.4008    8581.4766
         121       0.1188      70.4494       1.7444       0.5653       4.6224       2.7722       0.4074    8651.9260
         122       0.1164      70.8769       1.7242       0.5665       4.7851       2.8060       0.3972    8722.8028
         123       0.1139      71.8362       1.7116       0.5730       4.6901       2.7619       0.4079    8794.6391
         124       0.1115      71.2944       1.6888       0.5775       4.7062       2.9113       0.3898    8865.9334
         125       0.1091      71.3517       1.6764       0.5786       4.7327       2.7253       0.4204    8937.2852
         126       0.1067      71.1888       1.6522       0.5856       4.5716       2.8679       0.4010    9008.4739
         127       0.1042      71.1414       1.6354       0.5901       4.5177       2.8042       0.4101    9079.6153
         128       0.1018      71.3382       1.6132       0.5954       4.5826       2.7150       0.4270    9150.9535
         129       0.0994      71.0068       1.5888       0.6000       4.7802       2.8375       0.4066    9221.9603
         130       0.0970      71.3411       1.5773       0.6028       4.6636       2.8029       0.4116    9293.3015
         131       0.0945      71.6743       1.5521       0.6101       4.7588       2.8257       0.4082    9364.9758
         132       0.0921      71.2535       1.5287       0.6165       4.7213       2.6119       0.4424    9436.2293
         133       0.0897      71.7562       1.5179       0.6177       4.7067       2.7912       0.4154    9507.9854
         134       0.0873      71.2798       1.4904       0.6259       4.7812       2.7492       0.4195    9579.2653
         135       0.0848      71.6927       1.4749       0.6274       4.6837       2.7643       0.4235    9650.9579
         136       0.0824      71.2502       1.4652       0.6324       4.6187       2.6519       0.4350    9722.2081
         137       0.0800      70.7252       1.4327       0.6391       4.7520       2.8772       0.4126    9792.9333
         138       0.0776      70.7890       1.4187       0.6428       4.8831       2.8312       0.4233    9863.7223
         139       0.0752      70.7311       1.3918       0.6497       4.7183       2.7988       0.4245    9934.4534
         140       0.0727      71.5077       1.3771       0.6533       4.9814       2.7654       0.4278   10005.9611
         141       0.0703      72.1511       1.3560       0.6602       4.8474       2.6883       0.4395   10078.1122
         142       0.0679      71.7438       1.3336       0.6652       4.7532       2.7512       0.4368   10149.8560
         143       0.0655      71.4248       1.3087       0.6709       4.8741       2.9175       0.4098   10221.2808
         144       0.0630      71.7496       1.2948       0.6738       4.6909       2.6862       0.4400   10293.0304
         145       0.0606      70.8036       1.2720       0.6822       4.6820       2.6818       0.4429   10363.8340
         146       0.0582      71.3042       1.2508       0.6857       4.8301       2.6856       0.4407   10435.1382
         147       0.0558      71.4000       1.2255       0.6938       4.6485       2.8025       0.4222   10506.5382
         148       0.0533      71.6585       1.1972       0.7007       4.6235       2.7445       0.4330   10578.1968
         149       0.0509      71.5765       1.1966       0.7000       4.6288       2.6471       0.4494   10649.7732
         150       0.0485      71.1759       1.1548       0.7114       4.6863       2.6669       0.4447   10720.9491
         151       0.0461      71.3061       1.1402       0.7161       4.5440       2.6964       0.4376   10792.2552
         152       0.0436      71.8865       1.1187       0.7216       4.5581       2.7612       0.4390   10864.1418
         153       0.0412      71.7906       1.0970       0.7277       4.6252       2.6189       0.4576   10935.9324
         154       0.0388      71.6658       1.0651       0.7355       4.5886       2.6521       0.4526   11007.5982
         155       0.0364      71.2048       1.0473       0.7417       4.6899       2.6729       0.4456   11078.8030
         156       0.0339      70.7075       1.0210       0.7465       4.5880       2.6272       0.4535   11149.5105
         157       0.0315      71.4726       1.0085       0.7489       4.6270       2.6184       0.4515   11220.9831
         158       0.0291      71.3978       0.9818       0.7576       4.8127       2.6354       0.4487   11292.3809
         159       0.0267      71.3516       0.9546       0.7633       4.5942       2.6000       0.4595   11363.7325
         160       0.0242      71.3952       0.9331       0.7708       4.5877       2.5463       0.4627   11435.1277
         161       0.0218      71.9170       0.9143       0.7763       4.6664       2.5898       0.4573   11507.0447
         162       0.0194      71.9319       0.9028       0.7792       4.6490       2.5791       0.4585   11578.9766
         163       0.0170      71.0630       0.8810       0.7855       4.6057       2.5534       0.4612   11650.0396
         164       0.0145      71.0397       0.8569       0.7911       4.6254       2.5330       0.4680   11721.0793
         165       0.0121      71.4030       0.8437       0.7955       4.5193       2.5198       0.4676   11792.4823
         166       0.0097      71.3438       0.8293       0.7989       4.4892       2.5136       0.4689   11863.8261
         167       0.0073      71.2890       0.8109       0.8045       4.6444       2.5021       0.4716   11935.1151
         168       0.0048      71.3030       0.7924       0.8079       4.5050       2.4885       0.4748   12006.4182
         169       0.0024      71.1330       0.7806       0.8113       4.5526       2.4761       0.4751   12077.5512
         170       0.0000      71.3032       0.7653       0.8159       4.7003       2.4754       0.4745   12148.8543