bad : SGD(trainable_params(model), lr=0.0005, momentum=0.5, weight_decay=5e-4*batch_size)
normal rot 20:  33       0.2277      47.7800       0.6175       0.8347       4.4925       3.7998       0.3025    1594.1344
 very bad :opt = SGD(trainable_params(model), lr=0.01, weight_decay=5e-4*batch_size) 
test stuck on 35% opt = SGD(trainable_params(model), lr=0.001, weight_decay=5e-4*batch_size)

imagenet 0.001 LR momentum 0.5 weight_decay=5e-4*batch_size no erase
cuda:1
Namespace(data_dir='./data', log_dir='.', master_address='tcp://localhost:2222', rank=0, world_size=1, network='Resnet50', compress=None, method=None, ratio=0.5, threshold=0.001, qstates=0, momentum=0.0, extras='11', k_min0=0.01, k_max0=0.001, k_min1=0.01, k_max1=0.001, memory=0, gpu=1)
Downloading datasets
cuda:1
Warming up cudnn on random inputs on device cuda:1
Starting timer cuda:1
       epoch           lr   train_time   train_loss    train_acc    test_time    test_loss     test_acc   total_time
           1       0.5120      50.2957       5.7639       0.0070       4.9787       5.2575       0.0089      50.2957
           2       0.5120      47.3788       5.2040       0.0112       4.9487       5.1761       0.0148      97.6745
           3       0.5120      48.2832       5.1128       0.0157       4.8937       5.0862       0.0180     145.9578
           4       0.5120      47.8922       4.9706       0.0234       4.8523       4.8825       0.0321     193.8500
           5       0.5120      47.0900       4.7506       0.0408       4.6950       4.6337       0.0530     240.9400
           6       0.5120      48.3216       4.5066       0.0653       4.7672       4.3879       0.0815     289.2616
           7       0.5120      47.3242       4.2396       0.0993       4.7573       4.1701       0.1058     336.5858
           8       0.5120      47.1046       3.9919       0.1348       4.7062       4.0177       0.1293     383.6903
           9       0.5120      47.6639       3.7884       0.1635       4.7139       4.1496       0.1204     431.3542
          10       0.5120      48.2861       3.6177       0.1928       4.8376       3.8975       0.1547     479.6403
          11       0.5120      48.4099       3.4701       0.2158       4.7385       3.7416       0.1806     528.0502
          12       0.5120      47.6508       3.3386       0.2404       4.8049       3.5888       0.2004     575.7010
          13       0.5120      47.2518       3.2108       0.2641       4.7520       3.6122       0.2005     622.9529
          14       0.5120      47.7382       3.1078       0.2815       4.8623       3.4131       0.2308     670.6910
          15       0.5120      47.7921       3.0029       0.3000       4.7815       3.3244       0.2511     718.4831
          16       0.5120      47.1097       2.9089       0.3161       4.8530       3.3255       0.2544     765.5927
          17       0.5120      47.8488       2.8188       0.3348       4.9632       3.4811       0.2267     813.4415
          18       0.5120      46.8696       2.7447       0.3485       4.9975       3.2401       0.2717     860.3111
          19       0.5120      46.5084       2.6794       0.3601       4.8730       3.2270       0.2715     906.8195
          20       0.5120      46.6579       2.6004       0.3768       4.9410       3.2863       0.2615     953.4774
          21       0.5120      47.5966       2.5344       0.3886       4.9552       3.1802       0.2884    1001.0740
          22       0.5120      46.5530       2.4688       0.4010       5.0308       3.0623       0.2974    1047.6270
          23       0.5120      46.9565       2.4264       0.4092       5.0469       3.0257       0.3133    1094.5835
          24       0.5120      47.9087       2.3442       0.4249       5.0464       3.2100       0.2924    1142.4922
          25       0.5120      47.3905       2.2918       0.4363       5.1545       2.9618       0.3261    1189.8827
          26       0.5120      46.4714       2.2355       0.4484       4.9948       3.0429       0.3149    1236.3541
          27       0.5120      46.6509       2.1845       0.4583       4.9370       3.2492       0.2840    1283.0051
          28       0.5120      46.6008       2.1367       0.4667       4.9124       3.1270       0.3057    1329.6059
          29       0.5120      46.8551       2.0869       0.4787       4.8590       3.0493       0.3236    1376.4610
          30       0.5120      46.5421       2.0442       0.4878       4.9075       3.0878       0.3084    1423.0031
          31       0.5120      48.2105       2.0010       0.4953       4.8501       3.1054       0.3196    1471.2136
          32       0.5120      47.1975       1.9640       0.5047       4.8835       2.8950       0.3452    1518.4110
          33       0.5120      46.6230       1.9177       0.5148       4.8720       3.1235       0.3156    1565.0340
          34       0.5120      47.6170       1.8784       0.5203       4.8669       2.9121       0.3491    1612.6510
          35       0.5120      46.4823       1.8398       0.5300       4.9282       3.3028       0.2972    1659.1333
          36       0.5120      46.5039       1.8037       0.5380       5.0371       3.4062       0.2807    1705.6372
          37       0.5120      46.8510       1.7694       0.5446       5.0184       3.0440       0.3304    1752.4882
          38       0.5120      47.1069       1.7341       0.5518       4.9326       2.9765       0.3376    1799.5951
          39       0.5120      46.9451       1.7048       0.5581       4.9664       3.1858       0.3135    1846.5402
          40       0.5120      48.8838       1.6738       0.5650       4.9586       2.8629       0.3601    1895.4241
          41       0.5120      48.2631       1.6429       0.5706       4.7584       3.1477       0.3261    1943.6872
          42       0.5120      48.0781       1.6126       0.5777       4.7932       3.1286       0.3254    1991.7653
          43       0.5120      48.4594       1.5930       0.5829       4.6740       3.2948       0.3124    2040.2248
          44       0.5120      48.1155       1.5578       0.5908       4.7339       2.9881       0.3541    2088.3402
          45       0.5120      47.9424       1.5371       0.5933       4.7316       3.0666       0.3439    2136.2826
          46       0.5120      47.9330       1.5113       0.6015       4.7522       3.0201       0.3497    2184.2156
          47       0.5120      48.2944       1.4851       0.6062       4.7293       3.0367       0.3413    2232.5100
          48       0.5120      48.2781       1.4705       0.6110       4.7923       3.1007       0.3436    2280.7881
          49       0.5120      48.0572       1.4438       0.6168       4.9460       3.4613       0.2986    2328.8453
          50       0.5120      47.8469       1.4279       0.6194       4.9435       3.0101       0.3570    2376.6922
          51       0.5120      48.0488       1.4004       0.6280       4.8032       2.8816       0.3689    2424.7410
          52       0.5120      47.9113       1.3996       0.6245       4.6086       3.2162       0.3297    2472.6523
          53       0.5120      48.0849       1.3648       0.6343       4.7027       3.3617       0.3138    2520.7372
          54       0.5120      48.6495       1.3535       0.6358       4.8463       3.1026       0.3488    2569.3867